filename,n_blocks,cache_hits
FULL_FILE_124,,0
FULL_FILE_288,,0
FULL_FILE_350,,0
FULL_FILE_293,,0
FULL_FILE_254,,0
FULL_FILE_299,,0
FULL_FILE_383,,0
FULL_FILE_340,,0
FULL_FILE_207,,0
FULL_FILE_148,,0
FULL_FILE_210,,0
FULL_FILE_274,,0
FULL_FILE_246,,0
FULL_FILE_158,,0
FULL_FILE_299,,1
FULL_FILE_232,,0
FULL_FILE_219,,0
FULL_FILE_214,,0
FULL_FILE_304,,0
FULL_FILE_257,,0
FULL_FILE_202,,0
FULL_FILE_268,,0
FULL_FILE_255,,0
FULL_FILE_231,,0
FULL_FILE_280,,0
FULL_FILE_269,,0
FULL_FILE_330,,0
FULL_FILE_286,,0
FULL_FILE_262,,0
FULL_FILE_272,,0
FULL_FILE_235,,0
FULL_FILE_220,,0
FULL_FILE_231,,1
FULL_FILE_282,,0
FULL_FILE_284,,0
FULL_FILE_161,,0
FULL_FILE_229,,0
FULL_FILE_257,,1
FULL_FILE_243,,0
FULL_FILE_207,,1
FULL_FILE_40,,0
FULL_FILE_202,,1
FULL_FILE_157,,0
FULL_FILE_250,,0
FULL_FILE_216,,0
FULL_FILE_269,,1
FULL_FILE_166,,0
FULL_FILE_159,,0
FULL_FILE_387,,0
FULL_FILE_173,,0
FULL_FILE_138,,0
FULL_FILE_311,,0
FULL_FILE_141,,0
FULL_FILE_303,,0
FULL_FILE_237,,0
FULL_FILE_322,,0
FULL_FILE_286,,1
FULL_FILE_273,,0
FULL_FILE_156,,0
FULL_FILE_203,,0
FULL_FILE_127,,0
FULL_FILE_164,,0
FULL_FILE_286,,1
FULL_FILE_125,,0
FULL_FILE_193,,0
FULL_FILE_222,,0
FULL_FILE_291,,0
FULL_FILE_241,,0
FULL_FILE_283,,0
FULL_FILE_258,,0
FULL_FILE_260,,0
FULL_FILE_261,,0
FULL_FILE_288,,1
FULL_FILE_194,,0
FULL_FILE_250,,1
FULL_FILE_287,,0
FULL_FILE_183,,0
FULL_FILE_251,,0
FULL_FILE_324,,0
FULL_FILE_317,,0
FULL_FILE_322,,1
FULL_FILE_312,,0
FULL_FILE_166,,1
FULL_FILE_329,,0
FULL_FILE_157,,1
FULL_FILE_287,,1
FULL_FILE_212,,0
FULL_FILE_259,,0
FULL_FILE_235,,1
FULL_FILE_124,,1
FULL_FILE_240,,0
FULL_FILE_202,,1
FULL_FILE_203,,1
FULL_FILE_286,,1
FULL_FILE_265,,0
FULL_FILE_203,,1
FULL_FILE_218,,0
FULL_FILE_250,,1
FULL_FILE_280,,1
FULL_FILE_195,,0
FULL_FILE_276,,0
FULL_FILE_417,,0
FULL_FILE_271,,0
FULL_FILE_258,,1
FULL_FILE_268,,1
FULL_FILE_273,,1
FULL_FILE_209,,0
FULL_FILE_135,,0
FULL_FILE_231,,1
FULL_FILE_170,,0
FULL_FILE_308,,0
FULL_FILE_204,,0
FULL_FILE_181,,0
FULL_FILE_212,,1
FULL_FILE_296,,0
FULL_FILE_298,,0
FULL_FILE_237,,1
FULL_FILE_363,,0
FULL_FILE_247,,0
FULL_FILE_300,,0
FULL_FILE_273,,1
FULL_FILE_308,,1
FULL_FILE_292,,0
FULL_FILE_246,,1
FULL_FILE_226,,0
FULL_FILE_302,,0
FULL_FILE_315,,0
FULL_FILE_154,,0
FULL_FILE_342,,0
FULL_FILE_328,,0
FULL_FILE_297,,0
FULL_FILE_314,,0
FULL_FILE_294,,0
FULL_FILE_320,,0
FULL_FILE_245,,0
FULL_FILE_203,,1
FULL_FILE_315,,1
FULL_FILE_162,,0
FULL_FILE_260,,1
FULL_FILE_358,,0
FULL_FILE_160,,0
FULL_FILE_206,,0
FULL_FILE_277,,0
FULL_FILE_258,,1
FULL_FILE_269,,1
FULL_FILE_246,,1
FULL_FILE_248,,0
FULL_FILE_171,,0
FULL_FILE_277,,1
FULL_FILE_224,,0
FULL_FILE_119,,0
FULL_FILE_237,,1
FULL_FILE_158,,1
FULL_FILE_237,,1
FULL_FILE_334,,0
FULL_FILE_318,,0
FULL_FILE_299,,1
FULL_FILE_269,,1
FULL_FILE_279,,0
FULL_FILE_297,,1
FULL_FILE_221,,0
FULL_FILE_328,,1
FULL_FILE_295,,0
FULL_FILE_298,,1
FULL_FILE_275,,0
FULL_FILE_261,,1
FULL_FILE_346,,0
FULL_FILE_344,,0
FULL_FILE_305,,0
FULL_FILE_268,,1
FULL_FILE_227,,0
FULL_FILE_242,,0
FULL_FILE_272,,1
FULL_FILE_234,,0
FULL_FILE_199,,0
FULL_FILE_318,,1
FULL_FILE_260,,1
FULL_FILE_254,,1
FULL_FILE_203,,1
FULL_FILE_198,,0
FULL_FILE_262,,1
FULL_FILE_365,,0
FULL_FILE_233,,0
FULL_FILE_229,,1
FULL_FILE_185,,0
FULL_FILE_169,,0
FULL_FILE_245,,1
FULL_FILE_155,,0
FULL_FILE_376,,0
FULL_FILE_243,,1
FULL_FILE_353,,0
FULL_FILE_190,,0
FULL_FILE_289,,0
FULL_FILE_163,,0
FULL_FILE_140,,0
FULL_FILE_264,,0
FULL_FILE_281,,0
FULL_FILE_198,,1
FULL_FILE_219,,1
FULL_FILE_280,,1
FULL_FILE_279,,1
FULL_FILE_178,,0
FULL_FILE_300,,1
FULL_FILE_228,,0
FULL_FILE_286,,1
FULL_FILE_225,,0
FULL_FILE_277,,1
FULL_FILE_298,,1
FULL_FILE_140,,1
FULL_FILE_389,,0
FULL_FILE_189,,0
FULL_FILE_238,,0
FULL_FILE_224,,1
FULL_FILE_183,,1
FULL_FILE_207,,1
FULL_FILE_239,,0
FULL_FILE_244,,0
FULL_FILE_333,,0
FULL_FILE_185,,1
FULL_FILE_159,,1
FULL_FILE_149,,0
FULL_FILE_244,,1
FULL_FILE_231,,1
FULL_FILE_355,,0
FULL_FILE_282,,1
FULL_FILE_294,,1
FULL_FILE_269,,1
FULL_FILE_215,,0
FULL_FILE_216,,1
FULL_FILE_267,,0
FULL_FILE_169,,1
FULL_FILE_236,,0
FULL_FILE_281,,1
FULL_FILE_178,,1
FULL_FILE_249,,0
FULL_FILE_252,,0
FULL_FILE_252,,1
FULL_FILE_277,,1
FULL_FILE_196,,0
FULL_FILE_247,,1
FULL_FILE_261,,1
FULL_FILE_248,,1
FULL_FILE_313,,0
FULL_FILE_282,,1
FULL_FILE_241,,1
FULL_FILE_328,,1
FULL_FILE_279,,1
FULL_FILE_191,,0
FULL_FILE_141,,1
FULL_FILE_247,,1
FULL_FILE_174,,0
FULL_FILE_226,,1
FULL_FILE_293,,1
FULL_FILE_270,,0
FULL_FILE_374,,0
FULL_FILE_325,,0
FULL_FILE_280,,1
FULL_FILE_164,,1
FULL_FILE_271,,1
FULL_FILE_256,,0
FULL_FILE_172,,0
FULL_FILE_271,,1
FULL_FILE_277,,1
FULL_FILE_276,,1
FULL_FILE_276,,1
FULL_FILE_301,,0
FULL_FILE_289,,1
FULL_FILE_187,,0
FULL_FILE_202,,1
FULL_FILE_323,,0
FULL_FILE_384,,0
FULL_FILE_172,,1
FULL_FILE_261,,1
FULL_FILE_228,,1
FULL_FILE_232,,1
FULL_FILE_293,,1
FULL_FILE_192,,0
FULL_FILE_149,,1
FULL_FILE_194,,1
FULL_FILE_183,,1
FULL_FILE_284,,1
FULL_FILE_200,,0
FULL_FILE_208,,0
FULL_FILE_118,,0
FULL_FILE_287,,1
FULL_FILE_344,,1
FULL_FILE_246,,1
FULL_FILE_229,,1
FULL_FILE_333,,1
FULL_FILE_311,,1
FULL_FILE_263,,0
FULL_FILE_225,,1
FULL_FILE_180,,0
FULL_FILE_229,,1
FULL_FILE_305,,1
FULL_FILE_350,,1
FULL_FILE_190,,1
FULL_FILE_213,,0
FULL_FILE_304,,1
FULL_FILE_303,,1
FULL_FILE_231,,1
FULL_FILE_365,,1
FULL_FILE_262,,1
FULL_FILE_201,,0
FULL_FILE_291,,1
FULL_FILE_239,,1
FULL_FILE_266,,0
FULL_FILE_388,,0
FULL_FILE_238,,1
FULL_FILE_190,,1
FULL_FILE_356,,0
FULL_FILE_165,,0
FULL_FILE_253,,0
FULL_FILE_276,,1
FULL_FILE_308,,1
FULL_FILE_235,,1
FULL_FILE_211,,0
FULL_FILE_213,,1
FULL_FILE_301,,1
FULL_FILE_285,,0
FULL_FILE_125,,1
FULL_FILE_273,,1
FULL_FILE_211,,1
FULL_FILE_367,,0
FULL_FILE_336,,0
FULL_FILE_177,,0
FULL_FILE_314,,1
FULL_FILE_183,,1
FULL_FILE_365,,1
FULL_FILE_225,,1
FULL_FILE_275,,1
FULL_FILE_418,,0
FULL_FILE_222,,1
FULL_FILE_362,,0
FULL_FILE_187,,1
FULL_FILE_248,,1
FULL_FILE_273,,1
FULL_FILE_197,,0
FULL_FILE_134,,0
FULL_FILE_119,,1
FULL_FILE_178,,1
FULL_FILE_224,,1
FULL_FILE_269,,1
FULL_FILE_336,,1
FULL_FILE_188,,0
FULL_FILE_240,,1
FULL_FILE_256,,1
FULL_FILE_166,,1
FULL_FILE_178,,1
FULL_FILE_314,,1
FULL_FILE_262,,1
FULL_FILE_222,,1
FULL_FILE_313,,1
FULL_FILE_236,,1
FULL_FILE_138,,1
FULL_FILE_253,,1
FULL_FILE_174,,1
FULL_FILE_66,,0
FULL_FILE_218,,1
FULL_FILE_229,,1
FULL_FILE_152,,0
FULL_FILE_204,,1
FULL_FILE_224,,1
FULL_FILE_289,,1
FULL_FILE_321,,0
FULL_FILE_198,,1
FULL_FILE_264,,1
FULL_FILE_149,,1
FULL_FILE_204,,1
FULL_FILE_323,,1
FULL_FILE_309,,0
FULL_FILE_303,,1
FULL_FILE_342,,1
FULL_FILE_215,,1
FULL_FILE_362,,1
FULL_FILE_138,,1
FULL_FILE_117,,0
FULL_FILE_247,,1
FULL_FILE_185,,1
FULL_FILE_294,,1
FULL_FILE_156,,1
FULL_FILE_185,,1
FULL_FILE_176,,0
FULL_FILE_143,,0
FULL_FILE_300,,1
FULL_FILE_179,,0
FULL_FILE_317,,1
FULL_FILE_263,,1
FULL_FILE_179,,1
FULL_FILE_236,,1
FULL_FILE_264,,1
FULL_FILE_257,,0
FULL_FILE_299,,0
FULL_FILE_292,,1
FULL_FILE_368,,0
FULL_FILE_322,,1
FULL_FILE_182,,0
FULL_FILE_248,,1
FULL_FILE_201,,1
FULL_FILE_247,,1
FULL_FILE_239,,1
FULL_FILE_242,,1
FULL_FILE_210,,0
FULL_FILE_311,,0
FULL_FILE_185,,1
FULL_FILE_227,,1
FULL_FILE_307,,0
FULL_FILE_214,,0
FULL_FILE_329,,1
FULL_FILE_158,,0
FULL_FILE_255,,0
FULL_FILE_207,,0
FULL_FILE_172,,1
FULL_FILE_261,,1
FULL_FILE_313,,1
FULL_FILE_160,,1
FULL_FILE_362,,1
FULL_FILE_248,,1
FULL_FILE_254,,0
FULL_FILE_351,,0
FULL_FILE_339,,0
FULL_FILE_289,,1
FULL_FILE_208,,1
FULL_FILE_288,,0
FULL_FILE_254,,1
FULL_FILE_198,,1
FULL_FILE_245,,1
FULL_FILE_403,,0
FULL_FILE_307,,1
FULL_FILE_305,,1
FULL_FILE_276,,1
FULL_FILE_261,,0
FULL_FILE_271,,1
FULL_FILE_245,,1
FULL_FILE_237,,0
FULL_FILE_315,,1
FULL_FILE_240,,1
FULL_FILE_275,,1
FULL_FILE_372,,0
FULL_FILE_352,,0
FULL_FILE_200,,1
FULL_FILE_239,,1
FULL_FILE_213,,1
FULL_FILE_149,,1
FULL_FILE_287,,0
FULL_FILE_163,,1
FULL_FILE_278,,0
FULL_FILE_248,,1
FULL_FILE_251,,0
FULL_FILE_258,,0
FULL_FILE_181,,1
FULL_FILE_173,,0
FULL_FILE_228,,1
FULL_FILE_307,,1
FULL_FILE_206,,1
FULL_FILE_219,,0
FULL_FILE_268,,0
FULL_FILE_226,,1
FULL_FILE_302,,1
FULL_FILE_89,,0
FULL_FILE_180,,1
FULL_FILE_197,,1
FULL_FILE_274,,0
FULL_FILE_273,,0
FULL_FILE_166,,0
FULL_FILE_208,,1
FULL_FILE_221,,1
FULL_FILE_235,,0
FULL_FILE_296,,0
FULL_FILE_232,,0
FULL_FILE_259,,0
FULL_FILE_411,,0
FULL_FILE_298,,0
FULL_FILE_231,,0
FULL_FILE_353,,1
FULL_FILE_134,,1
FULL_FILE_290,,0
FULL_FILE_219,,1
FULL_FILE_272,,0
FULL_FILE_258,,1
FULL_FILE_138,,0
FULL_FILE_273,,1
FULL_FILE_146,,0
FULL_FILE_256,,1
FULL_FILE_242,,1
FULL_FILE_155,,1
FULL_FILE_243,,0
FULL_FILE_263,,1
FULL_FILE_251,,1
FULL_FILE_187,,1
FULL_FILE_250,,0
FULL_FILE_212,,0
FULL_FILE_220,,0
FULL_FILE_185,,1
FULL_FILE_342,,0
FULL_FILE_218,,0
FULL_FILE_266,,1
FULL_FILE_227,,1
FULL_FILE_130,,0
FULL_FILE_331,,0
FULL_FILE_262,,0
FULL_FILE_315,,0
FULL_FILE_299,,1
FULL_FILE_276,,0
FULL_FILE_301,,1
FULL_FILE_177,,1
FULL_FILE_282,,0
FULL_FILE_231,,1
FULL_FILE_160,,0
FULL_FILE_200,,1
FULL_FILE_288,,1
FULL_FILE_264,,1
FULL_FILE_290,,1
FULL_FILE_259,,1
FULL_FILE_195,,0
FULL_FILE_248,,0
FULL_FILE_317,,0
FULL_FILE_286,,0
FULL_FILE_359,,0
FULL_FILE_241,,0
FULL_FILE_235,,1
FULL_FILE_231,,1
FULL_FILE_243,,1
FULL_FILE_249,,1
FULL_FILE_225,,1
FULL_FILE_293,,0
FULL_FILE_133,,0
FULL_FILE_171,,0
FULL_FILE_284,,0
FULL_FILE_368,,1
FULL_FILE_187,,1
FULL_FILE_235,,1
FULL_FILE_271,,0
FULL_FILE_264,,1
FULL_FILE_316,,0
FULL_FILE_251,,1
FULL_FILE_207,,1
FULL_FILE_262,,1
FULL_FILE_259,,1
FULL_FILE_256,,1
FULL_FILE_267,,1
FULL_FILE_170,,0
FULL_FILE_176,,1
FULL_FILE_180,,1
FULL_FILE_301,,1
FULL_FILE_197,,1
FULL_FILE_309,,1
FULL_FILE_184,,0
FULL_FILE_220,,1
FULL_FILE_360,,0
FULL_FILE_270,,1
FULL_FILE_246,,0
FULL_FILE_266,,1
FULL_FILE_231,,1
FULL_FILE_220,,1
FULL_FILE_173,,1
FULL_FILE_258,,1
FULL_FILE_267,,1
FULL_FILE_173,,1
FULL_FILE_166,,1
FULL_FILE_246,,1
FULL_FILE_212,,1
FULL_FILE_227,,0
FULL_FILE_272,,1
FULL_FILE_308,,0
FULL_FILE_265,,0
FULL_FILE_332,,0
FULL_FILE_231,,1
FULL_FILE_292,,0
FULL_FILE_293,,1
FULL_FILE_365,,0
FULL_FILE_307,,1
FULL_FILE_121,,0
FULL_FILE_266,,1
FULL_FILE_135,,0
FULL_FILE_202,,0
FULL_FILE_197,,1
FULL_FILE_324,,0
FULL_FILE_171,,1
FULL_FILE_212,,1
FULL_FILE_224,,0
FULL_FILE_218,,1
FULL_FILE_210,,1
FULL_FILE_321,,1
FULL_FILE_382,,0
FULL_FILE_161,,0
FULL_FILE_198,,0
FULL_FILE_298,,1
FULL_FILE_165,,1
FULL_FILE_233,,0
FULL_FILE_333,,0
FULL_FILE_213,,1
FULL_FILE_213,,1
FULL_FILE_165,,1
FULL_FILE_219,,1
FULL_FILE_332,,1
FULL_FILE_166,,1
FULL_FILE_320,,0
FULL_FILE_250,,1
FULL_FILE_275,,0
FULL_FILE_219,,1
FULL_FILE_298,,1
FULL_FILE_200,,1
FULL_FILE_313,,0
FULL_FILE_293,,1
FULL_FILE_244,,0
FULL_FILE_191,,0
FULL_FILE_166,,1
FULL_FILE_260,,0
FULL_FILE_181,,0
FULL_FILE_148,,0
FULL_FILE_309,,1
FULL_FILE_258,,1
FULL_FILE_316,,1
FULL_FILE_330,,0
FULL_FILE_301,,1
FULL_FILE_181,,1
FULL_FILE_254,,1
FULL_FILE_294,,0
FULL_FILE_268,,1
FULL_FILE_214,,1
FULL_FILE_287,,1
FULL_FILE_261,,1
FULL_FILE_198,,1
FULL_FILE_250,,1
FULL_FILE_266,,1
FULL_FILE_191,,1
FULL_FILE_265,,1
FULL_FILE_249,,0
FULL_FILE_167,,0
FULL_FILE_273,,1
FULL_FILE_299,,1
FULL_FILE_199,,0
FULL_FILE_392,,0
FULL_FILE_275,,1
FULL_FILE_124,,0
FULL_FILE_203,,0
FULL_FILE_252,,0
FULL_FILE_282,,1
FULL_FILE_363,,0
FULL_FILE_134,,1
FULL_FILE_330,,1
FULL_FILE_403,,1
FULL_FILE_199,,1
FULL_FILE_238,,0
FULL_FILE_275,,1
FULL_FILE_277,,0
FULL_FILE_194,,0
FULL_FILE_155,,0
FULL_FILE_218,,1
FULL_FILE_117,,1
FULL_FILE_263,,0
FULL_FILE_338,,0
FULL_FILE_219,,1
FULL_FILE_193,,0
FULL_FILE_338,,1
FULL_FILE_243,,1
FULL_FILE_211,,1
FULL_FILE_256,,0
FULL_FILE_218,,1
FULL_FILE_221,,0
FULL_FILE_191,,1
FULL_FILE_232,,1
FULL_FILE_262,,1
FULL_FILE_229,,0
FULL_FILE_243,,1
FULL_FILE_161,,1
FULL_FILE_192,,0
FULL_FILE_279,,0
FULL_FILE_265,,1
FULL_FILE_323,,0
FULL_FILE_215,,0
FULL_FILE_382,,1
FULL_FILE_282,,1
FULL_FILE_179,,1
FULL_FILE_275,,1
FULL_FILE_169,,0
FULL_FILE_224,,1
FULL_FILE_248,,1
FULL_FILE_292,,1
FULL_FILE_255,,1
FULL_FILE_144,,0
FULL_FILE_190,,0
FULL_FILE_224,,1
FULL_FILE_348,,0
FULL_FILE_253,,0
FULL_FILE_189,,0
FULL_FILE_284,,1
FULL_FILE_157,,0
FULL_FILE_226,,0
FULL_FILE_288,,1
FULL_FILE_303,,0
FULL_FILE_186,,0
FULL_FILE_195,,1
FULL_FILE_349,,0
FULL_FILE_296,,1
FULL_FILE_160,,1
FULL_FILE_286,,1
FULL_FILE_124,,1
FULL_FILE_308,,1
FULL_FILE_298,,1
FULL_FILE_158,,1
FULL_FILE_234,,0
FULL_FILE_335,,0
FULL_FILE_298,,1
FULL_FILE_175,,0
FULL_FILE_168,,0
FULL_FILE_138,,1
FULL_FILE_135,,1
FULL_FILE_231,,1
FULL_FILE_323,,1
FULL_FILE_282,,1
FULL_FILE_230,,0
FULL_FILE_208,,0
FULL_FILE_248,,1
FULL_FILE_200,,0
FULL_FILE_173,,1
FULL_FILE_246,,1
FULL_FILE_279,,1
FULL_FILE_295,,0
FULL_FILE_118,,0
FULL_FILE_221,,1
FULL_FILE_186,,1
FULL_FILE_187,,0
FULL_FILE_102,,0
FULL_FILE_146,,1
FULL_FILE_215,,1
FULL_FILE_248,,1
FULL_FILE_229,,1
FULL_FILE_174,,0
FULL_FILE_196,,0
FULL_FILE_324,,1
FULL_FILE_304,,0
FULL_FILE_181,,1
FULL_FILE_174,,1
FULL_FILE_341,,0
FULL_FILE_174,,1
FULL_FILE_348,,1
FULL_FILE_272,,1
FULL_FILE_197,,0
FULL_FILE_233,,1
FULL_FILE_200,,1
FULL_FILE_234,,1
FULL_FILE_290,,1
FULL_FILE_186,,1
FULL_FILE_284,,1
FULL_FILE_171,,1
FULL_FILE_147,,0
FULL_FILE_201,,0
FULL_FILE_386,,0
FULL_FILE_179,,0
FULL_FILE_194,,1
FULL_FILE_276,,1
FULL_FILE_241,,1
FULL_FILE_130,,1
FULL_FILE_220,,1
FULL_FILE_266,,0
FULL_FILE_281,,0
FULL_FILE_210,,0
FULL_FILE_343,,0
FULL_FILE_247,,0
FULL_FILE_252,,1
FULL_FILE_192,,1
FULL_FILE_266,,1
FULL_FILE_243,,1
FULL_FILE_244,,1
FULL_FILE_236,,0
FULL_FILE_246,,1
FULL_FILE_215,,1
FULL_FILE_217,,0
FULL_FILE_268,,1
FULL_FILE_302,,0
FULL_FILE_211,,0
FULL_FILE_266,,1
FULL_FILE_205,,0
FULL_FILE_206,,0
FULL_FILE_282,,1
FULL_FILE_291,,0
FULL_FILE_244,,1
FULL_FILE_161,,1
FULL_FILE_337,,0
FULL_FILE_326,,0
FULL_FILE_246,,1
FULL_FILE_202,,1
FULL_FILE_280,,0
FULL_FILE_224,,1
FULL_FILE_214,,0
FULL_FILE_183,,0
FULL_FILE_170,,1
FULL_FILE_287,,0
FULL_FILE_184,,1
FULL_FILE_213,,0
FULL_FILE_263,,1
FULL_FILE_259,,1
FULL_FILE_288,,0
FULL_FILE_142,,0
FULL_FILE_174,,1
FULL_FILE_305,,0
FULL_FILE_159,,0
FULL_FILE_352,,0
FULL_FILE_310,,0
FULL_FILE_199,,1
FULL_FILE_204,,0
FULL_FILE_266,,1
FULL_FILE_196,,1
FULL_FILE_300,,0
FULL_FILE_168,,1
FULL_FILE_207,,0
FULL_FILE_201,,1
FULL_FILE_369,,0
FULL_FILE_203,,1
FULL_FILE_289,,0
FULL_FILE_141,,0
FULL_FILE_265,,1
FULL_FILE_274,,0
FULL_FILE_281,,1
FULL_FILE_218,,1
FULL_FILE_290,,1
FULL_FILE_191,,1
FULL_FILE_279,,1
FULL_FILE_203,,1
FULL_FILE_387,,0
FULL_FILE_261,,0
FULL_FILE_377,,0
FULL_FILE_255,,0
FULL_FILE_285,,0
FULL_FILE_212,,1
FULL_FILE_187,,1
FULL_FILE_268,,0
FULL_FILE_309,,0
FULL_FILE_332,,1
FULL_FILE_304,,1
FULL_FILE_264,,0
FULL_FILE_213,,1
FULL_FILE_204,,1
FULL_FILE_229,,1
FULL_FILE_229,,1
FULL_FILE_225,,0
FULL_FILE_329,,0
FULL_FILE_219,,0
FULL_FILE_170,,1
FULL_FILE_216,,0
FULL_FILE_289,,1
FULL_FILE_258,,0
FULL_FILE_121,,1
FULL_FILE_286,,1
FULL_FILE_285,,1
FULL_FILE_300,,1
FULL_FILE_293,,1
FULL_FILE_343,,1
FULL_FILE_253,,1
FULL_FILE_236,,1
FULL_FILE_313,,1
FULL_FILE_219,,1
FULL_FILE_181,,1
FULL_FILE_196,,1
FULL_FILE_250,,0
FULL_FILE_304,,1
FULL_FILE_229,,1
FULL_FILE_299,,0
FULL_FILE_242,,0
FULL_FILE_246,,1
FULL_FILE_162,,0
FULL_FILE_252,,1
FULL_FILE_202,,1
FULL_FILE_218,,0
FULL_FILE_271,,1
FULL_FILE_184,,1
FULL_FILE_219,,1
FULL_FILE_163,,0
FULL_FILE_212,,0
FULL_FILE_240,,0
FULL_FILE_246,,1
FULL_FILE_194,,1
FULL_FILE_282,,0
FULL_FILE_141,,1
FULL_FILE_215,,1
FULL_FILE_213,,1
FULL_FILE_276,,0
FULL_FILE_265,,1
FULL_FILE_209,,0
FULL_FILE_261,,1
FULL_FILE_302,,1
FULL_FILE_239,,0
FULL_FILE_272,,0
FULL_FILE_301,,0
FULL_FILE_350,,0
FULL_FILE_335,,1
FULL_FILE_238,,1
FULL_FILE_368,,0
FULL_FILE_242,,1
FULL_FILE_248,,0
FULL_FILE_314,,0
FULL_FILE_323,,1
FULL_FILE_203,,1
FULL_FILE_204,,1
FULL_FILE_347,,0
FULL_FILE_245,,0
FULL_FILE_251,,0
FULL_FILE_254,,0
FULL_FILE_297,,0
FULL_FILE_118,,1
FULL_FILE_361,,0
FULL_FILE_181,,1
FULL_FILE_240,,1
FULL_FILE_431,,0
FULL_FILE_305,,1
FULL_FILE_243,,0
FULL_FILE_270,,0
FULL_FILE_251,,1
FULL_FILE_203,,1
FULL_FILE_269,,0
FULL_FILE_199,,1
FULL_FILE_166,,0
FULL_FILE_331,,0
FULL_FILE_398,,0
FULL_FILE_218,,1
FULL_FILE_234,,1
FULL_FILE_201,,1
FULL_FILE_291,,1
FULL_FILE_313,,1
FULL_FILE_172,,0
FULL_FILE_344,,0
FULL_FILE_271,,0
FULL_FILE_301,,1
FULL_FILE_232,,0
FULL_FILE_362,,0
FULL_FILE_231,,0
FULL_FILE_232,,1
FULL_FILE_183,,1
FULL_FILE_290,,0
FULL_FILE_301,,1
FULL_FILE_221,,1
FULL_FILE_262,,0
FULL_FILE_223,,0
FULL_FILE_209,,1
FULL_FILE_210,,1
FULL_FILE_216,,1
FULL_FILE_243,,1
FULL_FILE_245,,1
FULL_FILE_201,,1
FULL_FILE_279,,1
FULL_FILE_250,,1
FULL_FILE_226,,1
FULL_FILE_276,,1
FULL_FILE_142,,1
FULL_FILE_356,,0
FULL_FILE_212,,1
FULL_FILE_131,,0
FULL_FILE_192,,1
FULL_FILE_207,,1
FULL_FILE_308,,0
FULL_FILE_307,,0
FULL_FILE_262,,1
FULL_FILE_232,,1
FULL_FILE_322,,0
FULL_FILE_300,,1
FULL_FILE_208,,1
FULL_FILE_239,,1
FULL_FILE_215,,1
FULL_FILE_270,,1
FULL_FILE_300,,1
FULL_FILE_169,,1
FULL_FILE_81,,0
FULL_FILE_339,,0
FULL_FILE_255,,1
FULL_FILE_308,,1
FULL_FILE_323,,1
FULL_FILE_292,,0
FULL_FILE_230,,1
FULL_FILE_249,,0
FULL_FILE_155,,1
FULL_FILE_381,,0
FULL_FILE_283,,0
FULL_FILE_282,,1
FULL_FILE_226,,1
FULL_FILE_242,,1
FULL_FILE_324,,0
FULL_FILE_223,,1
FULL_FILE_194,,1
FULL_FILE_333,,0
FULL_FILE_252,,0
FULL_FILE_277,,1
FULL_FILE_170,,0
FULL_FILE_292,,1
FULL_FILE_351,,0
FULL_FILE_95,,0
FULL_FILE_333,,1
FULL_FILE_319,,0
FULL_FILE_342,,0
FULL_FILE_220,,0
FULL_FILE_328,,0
FULL_FILE_147,,1
FULL_FILE_393,,0
FULL_FILE_239,,1
FULL_FILE_266,,1
FULL_FILE_215,,1
FULL_FILE_262,,1
FULL_FILE_298,,0
FULL_FILE_204,,1
